1.08518 4.74754  : 0.415626
3.59472 -5.13684  : 0.377145
0.386916 -5.88479  : 0.345608
-0.533091 -3.68634  : 0.178244
0.752055 -2.82053  : 0.127018
0.64453 -1.88057  : 0.126991
0.768349 -2.86147  : 0.126991
0.428398 -2.52316  : 0.127369
0.499589 -3.01627  : 0.127478
0.473418 -2.58119  : 0.14006
0.4021 -2.71024  : 0.14379
0.425851 -2.61882  : 0.142667
0.460479 -2.69877  : 0.151418
0.478868 -2.66302  : 0.159262
0.481556 -2.66512  : 0.159158
0.480705 -2.66655  : 0.158583
0.475974 -2.66517  : 0.157521
0.482091 -2.66194  : 0.158278
0.481425 -2.66199  : 0.157184
0.482096 -2.66301  : 0.157311
0.482207 -2.66277  : 0.157696
0.482245 -2.66272  : 0.157498
0.482499 -2.66318  : 0.15711
0.482696 -2.66346  : 0.156873
0.48261 -2.66335  : 0.156861
0.482958 -2.66338  : 0.156852
0.482401 -2.66356  : 0.156871
0.48262 -2.66305  : 0.156909
0.482741 -2.66321  : 0.156886
0.482951 -2.66337  : 0.156859
0.482429 -2.66335  : 0.156843
0.482624 -2.66353  : 0.156755
0.48261 -2.66373  : 0.156648
0.48265 -2.66378  : 0.156626
0.482513 -2.66386  : 0.156587
0.482788 -2.66387  : 0.156565
0.482764 -2.66373  : 0.156586
0.482672 -2.66373  : 0.156602
0.482652 -2.66375  : 0.15661
0.482646 -2.66373  : 0.156615
0.482677 -2.66373  : 0.156618
0.48266 -2.66373  : 0.156617
0.482672 -2.66373  : 0.156616
0.482661 -2.66373  : 0.156615
0.482661 -2.66373  : 0.156615
0.482662 -2.66373  : 0.156615
0.482661 -2.66373  : 0.156615
0.482661 -2.66373  : 0.156615
0.482661 -2.66373  : 0.156616
0.482661 -2.66373  : 0.156616
0.482661 -2.66373  : 0.156616
0.482661 -2.66373  : 0.156616
0.482661 -2.66373  : 0.156616
0.482661 -2.66373  : 0.156616
0.482661 -2.66373  : 0.156616
0.482661 -2.66373  : 0.156616
0.482661 -2.66373  : 0.156616
0.482661 -2.66373  : 0.156616
0.482661 -2.66373  : 0.156616
0.482661 -2.66373  : 0.156616
0.482661 -2.66373  : 0.156616
0.482661 -2.66373  : 0.156616
0.482661 -2.66373  : 0.156616
0.482661 -2.66373  : 0.156616
0.482661 -2.66373  : 0.156616
0.482661 -2.66373  : 0.156616
0.482661 -2.66373  : 0.156616
0.482661 -2.66373  : 0.156616
0.482661 -2.66373  : 0.156616
0.482661 -2.66373  : 0.156616
0.482661 -2.66373  : 0.156616
0.482661 -2.66373  : 0.156616
0.482661 -2.66373  : 0.156616
0.482661 -2.66373  : 0.156616
0.482661 -2.66373  : 0.156616
0.482661 -2.66373  : 0.156616
0.482661 -2.66373  : 0.156616
0.482661 -2.66373  : 0.156616
0.482661 -2.66373  : 0.156616
0.482661 -2.66373  : 0.156616
0.482661 -2.66373  : 0.156616
0.482661 -2.66373  : 0.156616
0.482661 -2.66373  : 0.156616
0.482661 -2.66373  : 0.156616
0.482661 -2.66373  : 0.156616
0.482661 -2.66373  : 0.156616
0.482661 -2.66373  : 0.156616
0.482661 -2.66373  : 0.156616
0.482661 -2.66373  : 0.156616
0.482661 -2.66373  : 0.156616
0.482661 -2.66373  : 0.156616
0.482661 -2.66373  : 0.156616
0.482661 -2.66373  : 0.156616
0.482661 -2.66373  : 0.156616
0.482661 -2.66373  : 0.156616
0.482661 -2.66373  : 0.156616
0.482661 -2.66373  : 0.156616
0.482661 -2.66373  : 0.156616
0.482661 -2.66373  : 0.156616
0.482661 -2.66373  : 0.156616
0.482661 -2.66373  : 0.156616
0.482661 -2.66373  : 0.156616
0.482661 -2.66373  : 0.156616
0.482661 -2.66373  : 0.156616
0.482661 -2.66373  : 0.156616
0.482661 -2.66373  : 0.156616
0.482661 -2.66373  : 0.156616
0.482661 -2.66373  : 0.156616
0.482661 -2.66373  : 0.156616
0.482661 -2.66373  : 0.156616
0.482661 -2.66373  : 0.156616
0.482661 -2.66373  : 0.156616
0.482661 -2.66373  : 0.156616
0.482661 -2.66373  : 0.156616
0.482661 -2.66373  : 0.156616
0.482661 -2.66373  : 0.156616
0.482661 -2.66373  : 0.156616
0.482661 -2.66373  : 0.156616
0.482661 -2.66373  : 0.156616
0.482661 -2.66373  : 0.156616
0.482661 -2.66373  : 0.156616
0.482661 -2.66373  : 0.156616
0.482661 -2.66373  : 0.156616
0.482661 -2.66373  : 0.156616
0.482661 -2.66373  : 0.156616
0.482661 -2.66373  : 0.156616
0.482661 -2.66373  : 0.156616
0.482661 -2.66373  : 0.156616
0.482661 -2.66373  : 0.156616
0.482661 -2.66373  : 0.156616
0.482661 -2.66373  : 0.156616
0.482661 -2.66373  : 0.156616
0.482661 -2.66373  : 0.156616
0.482661 -2.66373  : 0.156616
0.482661 -2.66373  : 0.156616
0.482661 -2.66373  : 0.156616
0.482661 -2.66373  : 0.156616
0.482661 -2.66373  : 0.156616
0.482661 -2.66373  : 0.156616
0.482661 -2.66373  : 0.156616
0.482661 -2.66373  : 0.156616
0.482661 -2.66373  : 0.156616
0.482661 -2.66373  : 0.156616
0.482661 -2.66373  : 0.156616
0.482661 -2.66373  : 0.156616
0.482661 -2.66373  : 0.156616
0.482661 -2.66373  : 0.156616
0.482661 -2.66373  : 0.156616
0.482661 -2.66373  : 0.156616
0.482661 -2.66373  : 0.156616
0.482661 -2.66373  : 0.156616
0.482661 -2.66373  : 0.156616
0.482661 -2.66373  : 0.156616
0.482661 -2.66373  : 0.156616
0.482661 -2.66373  : 0.156616
0.482661 -2.66373  : 0.156616
0.482661 -2.66373  : 0.156616
0.482661 -2.66373  : 0.156616
0.482661 -2.66373  : 0.156616
0.482661 -2.66373  : 0.156616
0.482661 -2.66373  : 0.156616
0.482661 -2.66373  : 0.156616
0.482661 -2.66373  : 0.156616
0.482661 -2.66373  : 0.156616
0.482661 -2.66373  : 0.156616
0.482661 -2.66373  : 0.156616
0.482661 -2.66373  : 0.156616
0.482661 -2.66373  : 0.156616
0.482661 -2.66373  : 0.156616
0.482661 -2.66373  : 0.156616
0.482661 -2.66373  : 0.156616
0.482661 -2.66373  : 0.156616
0.482661 -2.66373  : 0.156616
0.482661 -2.66373  : 0.156616
0.482661 -2.66373  : 0.156616
0.482661 -2.66373  : 0.156616
0.482661 -2.66373  : 0.156616
0.482661 -2.66373  : 0.156616
0.482661 -2.66373  : 0.156616
0.482661 -2.66373  : 0.156616
0.482661 -2.66373  : 0.156616
0.482661 -2.66373  : 0.156616
0.482661 -2.66373  : 0.156616
0.482661 -2.66373  : 0.156616
0.482661 -2.66373  : 0.156616
0.482661 -2.66373  : 0.156616
0.482661 -2.66373  : 0.156616
0.482661 -2.66373  : 0.156616
0.482661 -2.66373  : 0.156616
0.482661 -2.66373  : 0.156616
0.482661 -2.66373  : 0.156616
0.482661 -2.66373  : 0.156616
0.482661 -2.66373  : 0.156616
0.482661 -2.66373  : 0.156616
0.482661 -2.66373  : 0.156616
0.482661 -2.66373  : 0.156616
0.482661 -2.66373  : 0.156616
0.482661 -2.66373  : 0.156616
0.482661 -2.66373  : 0.156616
0.482661 -2.66373  : 0.156616
0.482661 -2.66373  : 0.156616
0.482661 -2.66373  : 0.156616
0.482661 -2.66373  : 0.156616
0.482661 -2.66373  : 0.156616
0.482661 -2.66373  : 0.156616
0.482661 -2.66373  : 0.156616
0.482661 -2.66373  : 0.156616
0.482661 -2.66373  : 0.156616
0.482661 -2.66373  : 0.156616
0.482661 -2.66373  : 0.156616
0.482661 -2.66373  : 0.156616
0.482661 -2.66373  : 0.156616
0.482661 -2.66373  : 0.156616
0.482661 -2.66373  : 0.156616
0.482661 -2.66373  : 0.156616
0.482661 -2.66373  : 0.156616
0.482661 -2.66373  : 0.156616
0.482661 -2.66373  : 0.156616
0.482661 -2.66373  : 0.156616
0.482661 -2.66373  : 0.156616
0.482661 -2.66373  : 0.156616
0.482661 -2.66373  : 0.156616
0.482661 -2.66373  : 0.156616
0.482661 -2.66373  : 0.156616
0.482661 -2.66373  : 0.156616
0.482661 -2.66373  : 0.156616
0.482661 -2.66373  : 0.156616
0.482661 -2.66373  : 0.156616
0.482661 -2.66373  : 0.156616
0.482661 -2.66373  : 0.156616
0.482661 -2.66373  : 0.156616
0.482661 -2.66373  : 0.156616
0.482661 -2.66373  : 0.156616
0.482661 -2.66373  : 0.156616
0.482661 -2.66373  : 0.156616
0.482661 -2.66373  : 0.156616
0.482661 -2.66373  : 0.156616
0.482661 -2.66373  : 0.156616
0.482661 -2.66373  : 0.156616
0.482661 -2.66373  : 0.156616
0.482661 -2.66373  : 0.156616
0.482661 -2.66373  : 0.156616
0.482661 -2.66373  : 0.156616
0.482661 -2.66373  : 0.156616
0.482661 -2.66373  : 0.156616
0.482661 -2.66373  : 0.156616
0.482661 -2.66373  : 0.156616
0.482661 -2.66373  : 0.156616
0.482661 -2.66373  : 0.156616
0.482661 -2.66373  : 0.156616
0.482661 -2.66373  : 0.156616
0.482661 -2.66373  : 0.156616
0.482661 -2.66373  : 0.156616
0.482661 -2.66373  : 0.156616
0.482661 -2.66373  : 0.156616
0.482661 -2.66373  : 0.156616
0.482661 -2.66373  : 0.156616
0.482661 -2.66373  : 0.156616
0.482661 -2.66373  : 0.156616
0.482661 -2.66373  : 0.156616
0.482661 -2.66373  : 0.156616
0.482661 -2.66373  : 0.156616
0.482661 -2.66373  : 0.156616
0.482661 -2.66373  : 0.156616
0.482661 -2.66373  : 0.156616
0.482661 -2.66373  : 0.156616
0.482661 -2.66373  : 0.156616
0.482661 -2.66373  : 0.156616
0.482661 -2.66373  : 0.156616
0.482661 -2.66373  : 0.156616
0.482661 -2.66373  : 0.156616
0.482661 -2.66373  : 0.156616
0.482661 -2.66373  : 0.156616
0.482661 -2.66373  : 0.156616
0.482661 -2.66373  : 0.156616
0.482661 -2.66373  : 0.156616
0.482661 -2.66373  : 0.156616
0.482661 -2.66373  : 0.156616
0.482661 -2.66373  : 0.156616
0.482661 -2.66373  : 0.156616
0.482661 -2.66373  : 0.156616
0.482661 -2.66373  : 0.156616
0.482661 -2.66373  : 0.156616
0.482661 -2.66373  : 0.156616
0.482661 -2.66373  : 0.156616
0.482661 -2.66373  : 0.156616
0.482661 -2.66373  : 0.156616
0.482661 -2.66373  : 0.156616
0.482661 -2.66373  : 0.156616
0.482661 -2.66373  : 0.156616
0.482661 -2.66373  : 0.156616
0.482661 -2.66373  : 0.156616
0.482661 -2.66373  : 0.156616
0.482661 -2.66373  : 0.156616
0.482661 -2.66373  : 0.156616
0.482661 -2.66373  : 0.156616
0.482661 -2.66373  : 0.156616
0.482661 -2.66373  : 0.156616
0.482661 -2.66373  : 0.156616
0.482661 -2.66373  : 0.156616
0.482661 -2.66373  : 0.156616
0.482661 -2.66373  : 0.156616
0.482661 -2.66373  : 0.156616
0.482661 -2.66373  : 0.156616
0.482661 -2.66373  : 0.156616
0.482661 -2.66373  : 0.156616
0.482661 -2.66373  : 0.156616
0.482661 -2.66373  : 0.156616
0.482661 -2.66373  : 0.156616
0.482661 -2.66373  : 0.156616
0.482661 -2.66373  : 0.156616
0.482661 -2.66373  : 0.156616
0.482661 -2.66373  : 0.156616
0.482661 -2.66373  : 0.156616
0.482661 -2.66373  : 0.156616
0.482661 -2.66373  : 0.156616
0.482661 -2.66373  : 0.156616
0.482661 -2.66373  : 0.156616
0.482661 -2.66373  : 0.156616
0.482661 -2.66373  : 0.156616
0.482661 -2.66373  : 0.156616
0.482661 -2.66373  : 0.156616
0.482661 -2.66373  : 0.156616
0.482661 -2.66373  : 0.156616
0.482661 -2.66373  : 0.156616
0.482661 -2.66373  : 0.156616
0.482661 -2.66373  : 0.156616
0.482661 -2.66373  : 0.156616
0.482661 -2.66373  : 0.156616
0.482661 -2.66373  : 0.156616
0.482661 -2.66373  : 0.156616
0.482661 -2.66373  : 0.156616
0.482661 -2.66373  : 0.156616
0.482661 -2.66373  : 0.156616
0.482661 -2.66373  : 0.156616
0.482661 -2.66373  : 0.156616
0.482661 -2.66373  : 0.156616
0.482661 -2.66373  : 0.156616
0.482661 -2.66373  : 0.156616
0.482661 -2.66373  : 0.156616
0.482661 -2.66373  : 0.156616
0.482661 -2.66373  : 0.156616
0.482661 -2.66373  : 0.156616
0.482661 -2.66373  : 0.156616
0.482661 -2.66373  : 0.156616
0.482661 -2.66373  : 0.156616
0.482661 -2.66373  : 0.156616
0.482661 -2.66373  : 0.156616
0.482661 -2.66373  : 0.156616
0.482661 -2.66373  : 0.156616
0.482661 -2.66373  : 0.156616
0.482661 -2.66373  : 0.156616
0.482661 -2.66373  : 0.156616
0.482661 -2.66373  : 0.156616
0.482661 -2.66373  : 0.156616
0.482661 -2.66373  : 0.156616
0.482661 -2.66373  : 0.156616
0.482661 -2.66373  : 0.156616
0.482661 -2.66373  : 0.156616
0.482661 -2.66373  : 0.156616
0.482661 -2.66373  : 0.156616
0.482661 -2.66373  : 0.156616
0.482661 -2.66373  : 0.156616
0.482661 -2.66373  : 0.156616
0.482661 -2.66373  : 0.156616
0.482661 -2.66373  : 0.156616
0.482661 -2.66373  : 0.156616
0.482661 -2.66373  : 0.156616
0.482661 -2.66373  : 0.156616
0.482661 -2.66373  : 0.156616
0.482661 -2.66373  : 0.156616
0.482661 -2.66373  : 0.156616
0.482661 -2.66373  : 0.156616
0.482661 -2.66373  : 0.156616
0.482661 -2.66373  : 0.156616
0.482661 -2.66373  : 0.156616
0.482661 -2.66373  : 0.156616
0.482661 -2.66373  : 0.156616
0.482661 -2.66373  : 0.156616
0.482661 -2.66373  : 0.156616
0.482661 -2.66373  : 0.156616
0.482661 -2.66373  : 0.156616
0.482661 -2.66373  : 0.156616
0.482661 -2.66373  : 0.156616
0.482661 -2.66373  : 0.156616
0.482661 -2.66373  : 0.156616
0.482661 -2.66373  : 0.156616
0.482661 -2.66373  : 0.156616
0.482661 -2.66373  : 0.156616
0.482661 -2.66373  : 0.156616
0.482661 -2.66373  : 0.156616
0.482661 -2.66373  : 0.156616
0.482661 -2.66373  : 0.156616
0.482661 -2.66373  : 0.156616
0.482661 -2.66373  : 0.156616
0.482661 -2.66373  : 0.156616
0.482661 -2.66373  : 0.156616
0.482661 -2.66373  : 0.156616
0.482661 -2.66373  : 0.156616
0.482661 -2.66373  : 0.156616
0.482661 -2.66373  : 0.156616
0.482661 -2.66373  : 0.156616
0.482661 -2.66373  : 0.156616
0.482661 -2.66373  : 0.156616
0.482661 -2.66373  : 0.156616
0.482661 -2.66373  : 0.156616
0.482661 -2.66373  : 0.156616
0.482661 -2.66373  : 0.156616
0.482661 -2.66373  : 0.156616
0.482661 -2.66373  : 0.156616
0.482661 -2.66373  : 0.156616
0.482661 -2.66373  : 0.156616
0.482661 -2.66373  : 0.156616
0.482661 -2.66373  : 0.156616
0.482661 -2.66373  : 0.156616
0.482661 -2.66373  : 0.156616
0.482661 -2.66373  : 0.156616
0.482661 -2.66373  : 0.156616
0.482661 -2.66373  : 0.156616
0.482661 -2.66373  : 0.156616
0.482661 -2.66373  : 0.156616
0.482661 -2.66373  : 0.156616
0.482661 -2.66373  : 0.156616
0.482661 -2.66373  : 0.156616
0.482661 -2.66373  : 0.156616
0.482661 -2.66373  : 0.156616
0.482661 -2.66373  : 0.156616
0.482661 -2.66373  : 0.156616
0.482661 -2.66373  : 0.156616
0.482661 -2.66373  : 0.156616
0.482661 -2.66373  : 0.156616
0.482661 -2.66373  : 0.156616
0.482661 -2.66373  : 0.156616
0.482661 -2.66373  : 0.156616
0.482661 -2.66373  : 0.156616
0.482661 -2.66373  : 0.156616
0.482661 -2.66373  : 0.156616
0.482661 -2.66373  : 0.156616
0.482661 -2.66373  : 0.156616
0.482661 -2.66373  : 0.156616
0.482661 -2.66373  : 0.156616
0.482661 -2.66373  : 0.156616
0.482661 -2.66373  : 0.156616
0.482661 -2.66373  : 0.156616
0.482661 -2.66373  : 0.156616
0.482661 -2.66373  : 0.156616
0.482661 -2.66373  : 0.156616
0.482661 -2.66373  : 0.156616
0.482661 -2.66373  : 0.156616
0.482661 -2.66373  : 0.156616
0.482661 -2.66373  : 0.156616
0.482661 -2.66373  : 0.156616
0.482661 -2.66373  : 0.156616
0.482661 -2.66373  : 0.156616
0.482661 -2.66373  : 0.156616
0.482661 -2.66373  : 0.156616
0.482661 -2.66373  : 0.156616
0.482661 -2.66373  : 0.156616
0.482661 -2.66373  : 0.156616
0.482661 -2.66373  : 0.156616
0.482661 -2.66373  : 0.156616
0.482661 -2.66373  : 0.156616
0.482661 -2.66373  : 0.156616
0.482661 -2.66373  : 0.156616
0.482661 -2.66373  : 0.156616
0.482661 -2.66373  : 0.156616
0.482661 -2.66373  : 0.156616
0.482661 -2.66373  : 0.156616
0.482661 -2.66373  : 0.156616
0.482661 -2.66373  : 0.156616
0.482661 -2.66373  : 0.156616
0.482661 -2.66373  : 0.156616
0.482661 -2.66373  : 0.156616
0.482661 -2.66373  : 0.156616
0.482661 -2.66373  : 0.156616
0.482661 -2.66373  : 0.156616
0.482661 -2.66373  : 0.156616
0.482661 -2.66373  : 0.156616
0.482661 -2.66373  : 0.156616
0.482661 -2.66373  : 0.156616
0.482661 -2.66373  : 0.156616
0.482661 -2.66373  : 0.156616
0.482661 -2.66373  : 0.156616
0.482661 -2.66373  : 0.156616
0.482661 -2.66373  : 0.156616
0.482661 -2.66373  : 0.156616
0.482661 -2.66373  : 0.156616
0.482661 -2.66373  : 0.156616
0.482661 -2.66373  : 0.156616
0.482661 -2.66373  : 0.156616
0.482661 -2.66373  : 0.156616
0.482661 -2.66373  : 0.156616
0.482661 -2.66373  : 0.156616
0.482661 -2.66373  : 0.156616
0.482661 -2.66373  : 0.156616
0.482661 -2.66373  : 0.156616
0.482661 -2.66373  : 0.156616
0.482661 -2.66373  : 0.156616
0.482661 -2.66373  : 0.156616
0.482661 -2.66373  : 0.156616
0.482661 -2.66373  : 0.156616
0.482661 -2.66373  : 0.156616
0.482661 -2.66373  : 0.156616
0.482661 -2.66373  : 0.156616
0.482661 -2.66373  : 0.156616
0.482661 -2.66373  : 0.156616
0.482661 -2.66373  : 0.156616
0.482661 -2.66373  : 0.156616
0.482661 -2.66373  : 0.156616
0.482661 -2.66373  : 0.156616
0.482661 -2.66373  : 0.156616
0.482661 -2.66373  : 0.156616
0.482661 -2.66373  : 0.156616
0.482661 -2.66373  : 0.156616
0.482661 -2.66373  : 0.156616
0.482661 -2.66373  : 0.156616
0.482661 -2.66373  : 0.156616
0.482661 -2.66373  : 0.156616
0.482661 -2.66373  : 0.156616
0.482661 -2.66373  : 0.156616
0.482661 -2.66373  : 0.156616
0.482661 -2.66373  : 0.156616
0.482661 -2.66373  : 0.156616
0.482661 -2.66373  : 0.156616
0.482661 -2.66373  : 0.156616
0.482661 -2.66373  : 0.156616
0.482661 -2.66373  : 0.156616
0.482661 -2.66373  : 0.156616
0.482661 -2.66373  : 0.156616
0.482661 -2.66373  : 0.156616
0.482661 -2.66373  : 0.156616
0.482661 -2.66373  : 0.156616
0.482661 -2.66373  : 0.156616
0.482661 -2.66373  : 0.156616
0.482661 -2.66373  : 0.156616
0.482661 -2.66373  : 0.156616
0.482661 -2.66373  : 0.156616
0.482661 -2.66373  : 0.156616
0.482661 -2.66373  : 0.156616
0.482661 -2.66373  : 0.156616
0.482661 -2.66373  : 0.156616
0.482661 -2.66373  : 0.156616
0.482661 -2.66373  : 0.156616
0.482661 -2.66373  : 0.156616
0.482661 -2.66373  : 0.156616
0.482661 -2.66373  : 0.156616
0.482661 -2.66373  : 0.156616
0.482661 -2.66373  : 0.156616
0.482661 -2.66373  : 0.156616
0.482661 -2.66373  : 0.156616
0.482661 -2.66373  : 0.156616
0.482661 -2.66373  : 0.156616
0.482661 -2.66373  : 0.156616
0.482661 -2.66373  : 0.156616
0.482661 -2.66373  : 0.156616
0.482661 -2.66373  : 0.156616
0.482661 -2.66373  : 0.156616
0.482661 -2.66373  : 0.156616
0.482661 -2.66373  : 0.156616
0.482661 -2.66373  : 0.156616
0.482661 -2.66373  : 0.156616
0.482661 -2.66373  : 0.156616
0.482661 -2.66373  : 0.156616
0.482661 -2.66373  : 0.156616
0.482661 -2.66373  : 0.156616
0.482661 -2.66373  : 0.156616
0.482661 -2.66373  : 0.156616
0.482661 -2.66373  : 0.156616
0.482661 -2.66373  : 0.156616
0.482661 -2.66373  : 0.156616
0.482661 -2.66373  : 0.156616
0.482661 -2.66373  : 0.156616
0.482661 -2.66373  : 0.156616
0.482661 -2.66373  : 0.156616
0.482661 -2.66373  : 0.156616
0.482661 -2.66373  : 0.156616
0.482661 -2.66373  : 0.156616
0.482661 -2.66373  : 0.156616
0.482661 -2.66373  : 0.156616
0.482661 -2.66373  : 0.156616
0.482661 -2.66373  : 0.156616
0.482661 -2.66373  : 0.156616
0.482661 -2.66373  : 0.156616
0.482661 -2.66373  : 0.156616
0.482661 -2.66373  : 0.156616
0.482661 -2.66373  : 0.156616
0.482661 -2.66373  : 0.156616
0.482661 -2.66373  : 0.156616
0.482661 -2.66373  : 0.156616
0.482661 -2.66373  : 0.156616
0.482661 -2.66373  : 0.156616
0.482661 -2.66373  : 0.156616
0.482661 -2.66373  : 0.156616
0.482661 -2.66373  : 0.156616
0.482661 -2.66373  : 0.156616
0.482661 -2.66373  : 0.156616
0.482661 -2.66373  : 0.156616
0.482661 -2.66373  : 0.156616
0.482661 -2.66373  : 0.156616
0.482661 -2.66373  : 0.156616
0.482661 -2.66373  : 0.156616
0.482661 -2.66373  : 0.156616
0.482661 -2.66373  : 0.156616
0.482661 -2.66373  : 0.156616
0.482661 -2.66373  : 0.156616
0.482661 -2.66373  : 0.156616
0.482661 -2.66373  : 0.156616
0.482661 -2.66373  : 0.156616
0.482661 -2.66373  : 0.156616
0.482661 -2.66373  : 0.156616
0.482661 -2.66373  : 0.156616
0.482661 -2.66373  : 0.156616
0.482661 -2.66373  : 0.156616
0.482661 -2.66373  : 0.156616
0.482661 -2.66373  : 0.156616
0.482661 -2.66373  : 0.156616
0.482661 -2.66373  : 0.156616
0.482661 -2.66373  : 0.156616
0.482661 -2.66373  : 0.156616
0.482661 -2.66373  : 0.156616
0.482661 -2.66373  : 0.156616
0.482661 -2.66373  : 0.156616
0.482661 -2.66373  : 0.156616
0.482661 -2.66373  : 0.156616
0.482661 -2.66373  : 0.156616
0.482661 -2.66373  : 0.156616
0.482661 -2.66373  : 0.156616
0.482661 -2.66373  : 0.156616
0.482661 -2.66373  : 0.156616
0.482661 -2.66373  : 0.156616
0.482661 -2.66373  : 0.156616
0.482661 -2.66373  : 0.156616
0.482661 -2.66373  : 0.156616
0.482661 -2.66373  : 0.156616
0.482661 -2.66373  : 0.156616
0.482661 -2.66373  : 0.156616
0.482661 -2.66373  : 0.156616
0.482661 -2.66373  : 0.156616
0.482661 -2.66373  : 0.156616
0.482661 -2.66373  : 0.156616
0.482661 -2.66373  : 0.156616
0.482661 -2.66373  : 0.156616
0.482661 -2.66373  : 0.156616
0.482661 -2.66373  : 0.156616
0.482661 -2.66373  : 0.156616
0.482661 -2.66373  : 0.156616
0.482661 -2.66373  : 0.156616
0.482661 -2.66373  : 0.156616
0.482661 -2.66373  : 0.156616
0.482661 -2.66373  : 0.156616
0.482661 -2.66373  : 0.156616
0.482661 -2.66373  : 0.156616
0.482661 -2.66373  : 0.156616
0.482661 -2.66373  : 0.156616
0.482661 -2.66373  : 0.156616
0.482661 -2.66373  : 0.156616
0.482661 -2.66373  : 0.156616
0.482661 -2.66373  : 0.156616
0.482661 -2.66373  : 0.156616
0.482661 -2.66373  : 0.156616
0.482661 -2.66373  : 0.156616
0.482661 -2.66373  : 0.156616
0.482661 -2.66373  : 0.156616
0.482661 -2.66373  : 0.156616
0.482661 -2.66373  : 0.156616
0.482661 -2.66373  : 0.156616
0.482661 -2.66373  : 0.156616
0.482661 -2.66373  : 0.156616
0.482661 -2.66373  : 0.156616
0.482661 -2.66373  : 0.156616
0.482661 -2.66373  : 0.156616
0.482661 -2.66373  : 0.156616
0.482661 -2.66373  : 0.156616
0.482661 -2.66373  : 0.156616
0.482661 -2.66373  : 0.156616
0.482661 -2.66373  : 0.156616
0.482661 -2.66373  : 0.156616
0.482661 -2.66373  : 0.156616
0.482661 -2.66373  : 0.156616
0.482661 -2.66373  : 0.156616
0.482661 -2.66373  : 0.156616
0.482661 -2.66373  : 0.156616
0.482661 -2.66373  : 0.156616
0.482661 -2.66373  : 0.156616
0.482661 -2.66373  : 0.156616
0.482661 -2.66373  : 0.156616
0.482661 -2.66373  : 0.156616
0.482661 -2.66373  : 0.156616
0.482661 -2.66373  : 0.156616
0.482661 -2.66373  : 0.156616
0.482661 -2.66373  : 0.156616
0.482661 -2.66373  : 0.156616
0.482661 -2.66373  : 0.156616
0.482661 -2.66373  : 0.156616
0.482661 -2.66373  : 0.156616
0.482661 -2.66373  : 0.156616
0.482661 -2.66373  : 0.156616
0.482661 -2.66373  : 0.156616
0.482661 -2.66373  : 0.156616
0.482661 -2.66373  : 0.156616
0.482661 -2.66373  : 0.156616
0.482661 -2.66373  : 0.156616
0.482661 -2.66373  : 0.156616
0.482661 -2.66373  : 0.156616
0.482661 -2.66373  : 0.156616
0.482661 -2.66373  : 0.156616
0.482661 -2.66373  : 0.156616
0.482661 -2.66373  : 0.156616
0.482661 -2.66373  : 0.156616
0.482661 -2.66373  : 0.156616
0.482661 -2.66373  : 0.156616
0.482661 -2.66373  : 0.156616
0.482661 -2.66373  : 0.156616
0.482661 -2.66373  : 0.156616
0.482661 -2.66373  : 0.156616
0.482661 -2.66373  : 0.156616
0.482661 -2.66373  : 0.156616
0.482661 -2.66373  : 0.156616
0.482661 -2.66373  : 0.156616
0.482661 -2.66373  : 0.156616
0.482661 -2.66373  : 0.156616
0.482661 -2.66373  : 0.156616
0.482661 -2.66373  : 0.156616
0.482661 -2.66373  : 0.156616
0.482661 -2.66373  : 0.156616
0.482661 -2.66373  : 0.156616
0.482661 -2.66373  : 0.156616
0.482661 -2.66373  : 0.156616
0.482661 -2.66373  : 0.156616
0.482661 -2.66373  : 0.156616
